newpoint	0	1	0	0	9209.0	13206.0	298.0	9426	13083
newpoint	1	1	1	0	15277.0	11710.0	298.0	15345	11868
newpoint	2	1	0	0	7740.0	14604.0	298.0	7812	14589
newpoint	3	1	2	0	14515.0	7821.0	198.0	14541	8062
newpoint	4	1	0	0	15386.0	15390.0	298.0	15361	15394
point	4	2	0	1	15500.648907999697	15189.521028502295	672.0	15733	15033
point	3	2	2	1	14536.237761112325	8017.857708771935	198.0	14541	8062
point	2	2	0	1	7977.592111553972	14671.239295899266	298.0	8370	14998
point	1	2	1	1	15361.078541146047	11990.636965493992	298.0	15504	12048
point	0	2	0	1	9401.429579315392	13041.109446701652	298.0	9365	12979
newpoint	5	1	0	1	10796.0	13966.0	298.0	10814	14101
newpoint	6	1	1	1	14753.0	19940.0	298.0	14685	19745
newpoint	7	1	0	1	5350.0	20077.0	298.0	5427	20085
newpoint	8	1	1	1	9116.0	10169.0	298.0	9075	10220
newpoint	9	1	1	1	12198.0	18705.0	448.0	12185	18804
point	9	2	1	2	11912.553676819214	18912.82055383153	448.0	11570	18739
point	8	2	1	2	8916.235960975666	10251.883205912707	298.0	8914	10255
point	7	2	0	2	5382.476123542305	19869.383936622668	298.0	5373	19679
point	6	2	1	2	14672.062257178817	19654.435800251715	298.0	14669	19633
point	5	2	0	2	10827.799570256258	14261.508233304003	298.0	10814	14337
point	4	3	0	2	15951.063738120918	14715.999268285534	672.0	16070	14420
point	3	3	2	2	14682.843482353584	8003.060470802849	198.0	14760	7971
point	2	3	0	2	8206.592603123114	14861.929554856277	298.0	8370	14998
point	1	3	1	2	15637.366433804369	12102.299190906064	298.0	15644	12105
point	0	3	0	2	9331.798439143351	12805.742321206599	298.0	9454	12732
newpoint	10	1	1	2	9137.0	9983.0	298.0	9088	10040
newpoint	11	1	1	2	12723.0	25887.0	298.0	12680	25894
newpoint	12	1	0	2	5175.0	10734.0	298.0	5145	10751
newpoint	13	1	0	2	17019.0	22022.0	298.0	16993	22010
newpoint	14	1	1	2	9806.0	14061.0	298.0	9690	14161
point	14	2	1	3	9623.947302724891	14289.826077698353	298.0	9590	14376
point	13	2	0	3	16803.48063195869	21857.12547545143	298.0	16622	22034
point	12	2	0	3	4941.814604343107	10746.405002114125	298.0	4887	10678
point	11	2	1	3	12425.77310830796	25904.05744119879	298.0	12404	25905
point	10	2	1	3	8960.870059858731	10219.731354663862	298.0	9029	10277
point	9	3	1	3	11523.165145668856	18698.252770582185	448.0	11422	18638
point	8	3	1	3	8656.09685238356	10277.247451797732	504.50000000000006	8623	10218
point	7	3	0	3	5335.159297703309	19579.681760034233	298.0	5255	19436
point	6	3	1	3	14672.581023348119	19360.272743832207	298.0	14675	19351
point	5	3	0	3	11018.935561936662	14420.40400776492	298.0	11072	14442
point	4	4	0	3	16202.069164469303	14092.637569064704	672.0	16212	14068
point	3	4	2	3	14768.0	8084.592622768269	198.0	14768	8109
point	2	4	0	3	8355.80688322088	15082.168483225014	298.0	8327	15253
point	1	4	1	3	15259.075887387286	12306.84493224958	448.00000000000006	15205	12345
point	0	4	0	3	9586.73945968649	12651.440879638543	298.0	9599	12644
newpoint	15	1	1	3	20735.0	13294.0	132.0	20595	13103
newpoint	16	1	1	3	14453.0	13292.0	298.0	14313	13234
newpoint	17	1	0	3	9642.0	17856.0	298.0	9482	17829
newpoint	18	1	3	3	11447.0	18987.0	126.125	11421	19033
newpoint	19	1	0	3	8846.0	16911.0	298.0	8867	16838
point	19	2	0	4	9006.012840730584	16714.03852219175	298.0	9027	16777
point	18	2	3	4	11366.487961345887	19081.98183183413	126.125	11352	19095
point	17	2	0	4	9313.502070920844	17717.012073630904	672.0	9311	17716
point	16	2	1	4	14299.76568027783	13114.428314756793	448.0	14620	12817
point	15	2	1	4	20656.964163101984	13187.536822517706	132.0	20595	13103
point	14	3	1	4	9772.501745357415	14625.00232714322	448.00000000000006	9786	14643
point	13	3	0	4	16552.18578900235	21975.713080519337	672.0	16525	21947
point	12	3	0	4	4735.897951615493	10721.786035555944	298.0	4692	10676
point	11	3	1	4	12183.752868144009	25856.27564358826	298.0	11957	25858
point	10	3	1	4	9188.84907409314	10411.640639483381	298.0	9240	10454
point	9	4	1	4	11197.816138190468	18493.7261758531	448.0	11065	18611
point	8	4	1	4	8342.770239132795	9883.154694091392	504.5	8192	9703
point	7	4	0	4	5365.456510630203	19361.075925482248	298.0	5517	19259
point	6	4	1	4	14399.74824063724	19267.251092399292	298.0	14316	19227
point	5	4	0	4	10999.24488166734	13904.123480791288	672.0	10986	13767
point	4	5	0	4	15571.121490639554	14065.205305545764	672.0	15104	14020
point	3	5	2	4	14852.111652171228	8220.694840580447	198.0	14953	8193
point	2	5	0	4	8461.299854437975	15376.729022454372	448.0	8649	15680
point	1	5	1	4	14902.67370400786	12577.794088633396	448.0	14631	12806
point	0	5	0	4	9835.823755271424	12491.30842827501	298.0	9852	12463
newpoint	20	1	0	4	7675.0	22926.0	298.0	7671	22793
newpoint	21	1	1	4	13227.0	30721.0	504.50000000000006	13201	30741
newpoint	22	1	2	4	2735.0	19273.0	252.25	2784	19189
newpoint	23	1	0	4	6776.0	19622.0	298.0	6698	19609
newpoint	24	1	0	4	16461.0	8183.0	298.0	16327	8152
point	24	2	0	5	16171.9836435091	8161.738672705779	298.0	16130	8191
point	23	2	0	5	6534.406344248242	19574.684100334303	298.0	6522	19508
point	22	2	2	5	2862.2806017400635	19055.217337530703	252.25	2963	18881
point	21	2	1	5	12797.250498373653	30747.684575268868	504.5	12369	30213
point	20	2	0	5	7676.650753929204	22628.267333989363	298.0	7680	22572
point	19	3	0	5	9070.204805046733	17004.478944500956	298.0	9081	17074
point	18	3	3	5	11272.461330064025	19166.044248874852	126.125	11249	19187
point	17	3	0	5	8766.749635929085	17353.7724741753	672.0	8652	17274
point	16	3	1	5	14627.742075464475	12809.257924535525	448.0	14631	12806
point	15	3	1	5	20577.530118619456	13082.170526046277	132.0	20465	12948
point	14	4	1	5	9698.279213894448	15053.103999949468	448.0	9644	15180
point	13	4	0	5	15983.337774873035	21627.101524382502	672.0	15926	21601
point	12	4	0	5	4510.98100367552	10530.164367056135	298.0	4458	10500
point	11	4	1	5	11958.611820975848	25786.777660629738	298.0	11973	25151
point	10	4	1	5	9377.694672520567	10638.988605153387	298.0	9485	10803
point	9	5	1	5	10868.109041019829	18757.326447618478	448.0	10742	18745
point	8	5	1	5	8198.410687734182	9531.31212664887	448.0	8305	9441
point	7	5	0	5	5446.194011582405	19169.089674484327	298.0	5373	19100
point	6	5	1	5	14237.073053437167	19037.71502195993	298.0	14203	18956
point	5	5	0	5	10641.756717116614	13375.435669386155	672.0	10544	13292
point	4	6	0	5	14942.67813795617	13897.276620285676	672.0	14452	13524
point	3	6	2	5	15035.72506221579	8149.9018382362765	197.99999999999997	15120	8091
point	2	6	0	5	8679.999367962399	15732.25607742233	298.0	8754	15857
point	1	6	1	5	14563.110799258047	12869.83774430929	448.0	14283	13130
point	0	6	0	5	10124.077643532099	12718.129405886832	672.0	10277	12973
newpoint	25	1	0	5	4111.0	19667.0	298.0	4186	19811
newpoint	26	1	1	5	9599.0	8725.0	298.0	9609	8725
newpoint	27	1	4	5	8695.0	18423.0	63.0625	8704	18357
newpoint	28	1	0	5	8537.0	15974.0	298.0	8598	16032
newpoint	29	1	1	5	19403.0	11157.0	132.0	19206	11497
point	29	2	1	6	19336.823491146708	11271.213264010756	132.0	19206	11497
point	28	2	0	6	8462.221853022518	16197.186317060161	298.0	8381	16296
point	27	2	4	6	8703.520576473495	18360.515772527706	63.0625	8704	18357
point	26	2	1	6	9416.238617184712	8854.844023530937	298.0	9370	8862
point	25	2	0	6	4309.782460881877	19755.539027267212	298.0	4340	19742
point	24	3	0	6	15928.361163768184	8333.350270611867	298.0	15915	8343
point	23	3	0	6	6608.835067461936	19366.901608436325	298.0	6722	19330
point	22	3	2	6	3013.177337876536	18871.8008213893	252.25	3143	18848
point	21	3	1	6	12481.866097209682	30353.9169667706	504.5	12369	30213
point	20	3	0	6	7826.650922418799	22384.107759864986	298.0	8017	22191
point	19	4	0	6	9210.170571955116	17214.59255073444	298.0	9217	17255
disappearpoint	18	3	3	6	11249.0	19187.0	0.0	11249	19187
point	17	4	0	6	8743.256768947951	16480.066110152828	1009.0	8752	16404
point	16	4	1	6	14944.599742868344	12585.51159932909	298.0	14972	12649
point	15	4	1	6	20492.705300038564	12981.033242353671	132.0	20465	12948
point	14	5	1	6	9705.278872218834	15478.880455896639	448.0	9723	15511
point	13	5	0	6	15361.043298583798	21373.61731943352	672.0	15187	21304
point	12	5	0	6	4302.100896773099	10678.551109678672	298.0	3756	11304
point	11	5	1	6	11965.354083340857	25488.853942375885	298.0	11973	25151
point	10	5	1	6	9574.95949616	10754.914233510384	298.0	9876	10594
point	9	6	1	6	10422.487587072877	18711.48520882538	448.0	10282	18693
point	8	6	1	6	8511.355755314298	9217.679354133568	448.0	8951	8848
point	7	6	0	6	5240.394605130012	18954.806244244082	298.0	5169	18858
point	6	6	1	6	13876.720224631656	19094.90196151395	504.5	13853	19105
point	5	6	0	6	10212.129561328835	12864.882602214726	672.0	9989	12493
point	4	7	0	6	14404.35179963774	13495.58593556379	672.0	14016	13264
point	3	7	2	6	15161.414243888506	8160.813569577077	252.25	14982	8264
point	2	7	0	6	8652.218254893907	15971.178239702349	298.0	8598	16032
point	1	7	1	6	14234.662694571021	13174.51032099466	448.0	14220	13188
point	0	7	0	6	10515.355770825026	13260.440650156776	672.0	10544	13292
newpoint	30	1	0	6	13461.0	5489.0	672.0	13394	5841
newpoint	31	1	1	6	9431.0	19501.0	298.0	9399	19501
newpoint	32	1	4	6	10074.0	21316.0	63.06250000000001	9775	21349
newpoint	33	1	0	6	10268.0	17714.0	672.0	10254	17860
newpoint	34	1	3	6	6655.0	19609.0	126.125	6546	19637
point	34	2	3	7	6543.514991498639	19623.643079305184	126.12499999999999	6522	19508
point	33	2	0	7	9731.369819454458	17806.80673000557	672.0	9567	17790
point	32	2	4	7	10011.31811074342	21322.91806804504	63.06250000000001	9775	21349
point	31	2	1	7	9195.302005108226	19568.91104718622	298.0	9196	19712
point	30	2	0	7	13391.478535562721	6154.670175997613	672.0	13389	6463
point	28	3	0	7	8511.595342562096	16404.973597104796	298.0	8532	16422
point	27	3	4	7	8645.3151417348	18347.09918035403	63.06249999999999	8378	18302
point	26	3	1	7	9119.012941159723	8854.13896442249	298.0	8961	8839
point	25	3	0	7	4473.206794420656	19960.03700964699	298.0	4845	19704
point	24	4	0	7	15662.607279582437	8452.379799778131	298.0	15647	8455
point	23	4	0	7	6893.9457208589465	19282.366259349503	298.0	7002	19235
point	22	4	2	7	3261.2714721057396	18826.20094435698	252.24999999999997	3398	18801
point	21	4	1	7	12171.194358744491	29956.483808746685	504.5	11965	29682
point	20	4	0	7	8027.93901467133	22166.48151884012	298.0	8046	22126
point	19	5	0	7	9394.49801087849	17345.581540686464	298.0	9435	17763
point	29	3	1	7	19270.64698229342	11385.42652802151	132.0	19206	11497
point	17	5	0	7	8914.991898618811	15485.923183289957	1009.0	8948	15300
point	16	5	1	7	15097.406508895645	12840.410370104924	298.0	15121	12878
point	15	5	1	7	20408.437209075175	12879.4328757494	132.0	20187	12611
point	14	6	1	7	9763.26563786759	15705.365785586348	448.0	9632	15702
point	13	6	0	7	14736.259251031268	21126.238802654392	672.0	14691	21108
point	12	6	0	7	4106.10382823146	10903.02638476055	298.0	3756	11304
point	11	6	1	7	11972.096345705866	25190.930224122032	298.0	11973	25151
point	10	6	1	7	9837.770315544289	10614.434792969932	298.0	9876	10594
point	9	7	1	7	9980.907029740907	18639.198614477886	448.0	9955	18633
point	8	7	1	7	8854.246224956789	8929.356400090099	448.0	8951	8848
point	7	7	0	7	5085.324006840261	18701.21761281649	298.0	5074	18680
point	6	7	1	7	13446.744070570578	19214.598520314466	504.5	13437	19159
point	5	7	0	7	9886.727984009656	12437.155918876535	298.0	9852	12463
point	4	8	0	7	13812.740438170971	13180.24480366844	672.0	13220	12936
point	3	8	2	7	14941.070512911889	8283.364488514806	252.25000000000003	14889	8308
point	2	8	0	7	8460.511851859183	16199.26668713906	298.0	8381	16296
point	1	8	1	7	13942.718540172074	13514.125691343292	448.0	13876	13594
point	0	8	0	7	9831.33372329972	13912.599341432779	1008.9999999999999	9708	14020
newpoint	35	1	0	7	19108.0	10036.0	132.0	19205	10520
newpoint	36	1	0	7	8963.0	18717.0	298.0	9097	18570
newpoint	37	1	3	7	17521.0	11745.0	126.125	17579	11691
newpoint	38	1	3	7	4575.0	17233.0	126.125	4828	17320
newpoint	39	1	1	7	17836.0	17780.0	132.0	17830	17852
point	39	2	1	8	17808.893184559023	17907.898269464567	132.0	17739	18093
point	38	2	3	8	4694.270192648479	17274.013860713112	126.125	4828	17320
point	37	2	3	8	17618.35783073031	11665.533168350976	126.12499999999999	17647	11647
point	36	2	0	8	9142.291170096436	18481.86583116369	298.0	9171	18426
point	35	2	0	8	19133.938752760958	10165.42635398251	132.0	19205	10520
point	34	3	3	8	6519.725682494913	19499.812456981683	126.12500000000001	6517	19490
point	33	3	0	8	9123.249339704473	17594.929761829564	672.0	9042	17545
point	32	3	4	8	9948.636221486839	21329.83613609008	63.06250000000001	9775	21349
point	31	3	1	8	8934.072258493557	19724.983307794846	504.5	8843	19730
point	30	3	0	8	13430.595148441973	6824.273294999526	672.0	13474	7191
point	28	4	0	8	8366.115473877278	16636.834058421227	298.0	8288	16738
point	27	4	4	8	8583.131419328169	18336.608061543095	63.06249999999999	8378	18302
point	26	4	1	8	8896.810743349988	8715.411729733558	298.0	8894	8710
point	25	4	0	8	4718.6389484805595	19791.019088249537	298.0	4845	19704
point	24	5	0	8	15677.894791811665	8730.702442748734	298.0	15686	8743
point	23	5	0	8	7143.435483970663	19125.531854731536	298.0	7183	19083
point	22	5	2	8	3504.2239347944414	18840.177648954603	252.25000000000003	3661	18898
point	21	5	1	8	11868.282258806845	29553.043011742462	504.5	11449	28994
point	20	5	0	8	8146.977553075985	21894.23976312254	298.0	8273	21671
point	19	6	0	8	9423.277702749509	17642.188569153102	298.0	9435	17763
point	29	4	1	8	19204.49406194123	11499.653319436877	132.0	19185	11534
point	17	6	0	8	9320.849031203601	14573.880218132073	1009.0	9708	14020
point	16	6	1	8	15262.385030996551	13085.76867901806	298.0	15348	13129
point	15	6	1	8	20324.439153750674	12777.607895014306	132.0	20187	12611
point	14	7	1	8	9362.321785458718	15693.47687904973	448.0	9231	15689
point	13	7	0	8	14114.485301539338	20871.369992675653	672.0	14003	20825
point	12	7	0	8	3910.106759689822	11127.501659842426	298.0	3756	11304
point	11	7	1	8	11585.174987469822	25141.694275173966	448.0	11426	25135
point	10	7	1	8	10100.099604095167	10473.058962798847	298.0	10303	10364
point	9	8	1	8	9573.992473840977	18455.74149215805	448.0	9276	18276
point	8	8	1	8	9196.14771069552	8639.872025335873	448.0	9307	8546
point	7	8	0	8	4956.429451549791	18433.156215710977	298.0	4956	18432
point	6	8	1	8	13273.645319838699	18743.313327594256	504.50000000000006	13241	18684
point	5	8	0	8	9651.44926283222	12611.787066921943	298.0	9599	12644
point	4	9	0	8	13231.329169078126	12907.241340032451	672.0	13428	12408
point	3	9	2	8	14700.167788051536	8322.697735472782	252.25	14656	8326
point	2	9	0	8	8271.070033338068	16429.300904456202	298.0	8254	16450
point	1	9	1	8	13654.392138459034	13857.012108959781	448.0	13620	13898
point	0	9	0	8	9223.636566406578	14712.95790499497	1009.0	9160	14804
newpoint	40	1	0	8	17479.0	24565.0	132.0	17500	24547
newpoint	41	1	0	8	8901.0	18889.0	298.0	8875	18890
newpoint	42	1	0	8	12321.0	27037.0	298.0	12298	27041
newpoint	43	1	1	8	11691.0	5865.0	298.0	11637	5945
newpoint	44	1	3	8	17019.0	22022.0	126.125	16993	22010
point	44	2	3	9	16912.42425111156	21959.614458988657	126.12500000000001	16819	21842
point	43	2	1	9	11469.931394888956	5832.383384702926	298.0	11367	5763
point	42	2	0	9	12026.387996264537	27081.769548949425	298.0	11892	27102
point	41	2	0	9	8701.99012641119	18966.376323887078	298.0	8706	18979
point	40	2	0	9	17572.115638577157	24622.40859011036	132.0	17719	24776
point	39	3	1	9	17762.26423945576	18031.38811308969	132.0	17739	18093
point	38	3	3	9	4813.540385296958	17315.027721426228	126.125	4828	17320
point	37	3	3	9	17732.202678103265	11612.507280291806	126.125	17768	11607
point	36	3	0	9	9343.057202504358	18316.447201510564	448.0	9654	18504
point	35	3	0	9	19159.877505521916	10294.85270796502	132.0	19205	10520
point	34	4	3	9	6517.99369921493	19396.52379373426	126.125	6722	19330
point	33	4	0	9	8632.828461677074	17425.52888943697	1008.9999999999999	8548	18096
point	32	4	4	9	9885.95433223026	21336.754204135123	63.06250000000001	9775	21349
point	31	4	1	9	8726.553971820074	19333.454066198094	504.5	8584	18848
point	30	4	0	9	13545.777981224586	7485.080660939567	672.0	13577	7613
point	28	5	0	9	8329.143932377054	16863.189544526576	298.0	8259	16953
point	27	5	4	9	8520.94769692154	18326.116942732162	63.06249999999999	8378	18302
point	26	5	1	9	8658.639537545212	8537.338021395874	298.0	8650	8531
point	25	5	0	9	4966.343282275236	19625.402646708088	298.0	5109	19533
point	24	6	0	9	15428.124231968313	8724.555383402803	298.0	15339	8698
point	23	6	0	9	7387.71378058961	18958.40518284199	298.0	7429	18924
point	22	6	2	9	3675.1131149592334	18814.02696599256	252.25	3681	18779
point	21	6	1	9	11565.582258806846	29149.44301174246	504.5	11449	28994
point	20	6	0	9	8301.800814837306	21640.9191489477	298.0	8318	21624
point	19	7	0	9	9828.621030156623	17816.750616580433	672.0	10056	17840
point	29	5	1	9	19205.193294201246	11624.275903487927	132.0	19219	11686
point	17	7	0	9	9959.29954496831	13801.164989549128	1008.9999999999999	10544	13292
disappearpoint	16	6	1	9	15348.0	13129.0	0.0	15348	13129
point	15	7	1	9	20240.441098426174	12675.782914279212	132.0	20187	12611
point	14	8	1	9	8930.459221291727	15743.986118746578	448.0	8912	15742
point	13	8	0	9	13490.160321728903	20622.815723962187	672.0	13308	20551
point	12	8	0	9	3726.2437251455995	11360.31295026209	298.0	3384	12008
point	11	8	1	9	11170.053175699968	25135.59584242477	298.0	11126	25136
point	10	8	1	9	10362.728954942517	10332.24167761593	298.0	10508	10255
point	9	9	1	9	9190.674904210568	18223.856885906458	448.0	9168	18210
point	8	9	1	9	9545.490479476257	8359.522652533858	448.0	9701	8237
point	7	9	0	9	5028.335996529324	18144.74026268966	298.0	5031	18135
point	6	9	1	9	12870.599352119416	18491.961982317902	504.49999999999994	12734	18479
point	5	9	0	9	9686.406627439288	12844.889400742968	298.0	9607	12897
point	4	10	0	9	13479.27331862004	12282.665221151012	672.0	13536	12144
point	3	10	2	9	14472.06263522757	8420.536194354627	252.25	14408	8466
point	2	10	0	9	8081.060083082233	16658.842184299392	298.0	8006	16747
point	1	10	1	9	13293.656082167034	14118.662148177702	448.0	13194	14198
point	0	10	0	9	8885.33055579977	15652.99523671966	1009.0	8752	16404
newpoint	45	1	1	9	12463.0	11501.0	448.0	12565	11496
newpoint	46	1	1	9	20821.0	9639.0	132.0	20802	9610
newpoint	47	1	1	9	16252.0	20918.0	298.0	16325	20825
newpoint	48	1	0	9	14707.0	9642.0	298.0	14850	9778
newpoint	49	1	2	9	20594.0	16171.0	132.0	20307	16064
point	49	2	2	10	20470.3162219651	16124.887929443435	132.0	20307	16064
point	48	2	0	10	14915.87701893098	9651.05130977653	448.0	15084	9256
point	47	2	1	10	16186.491165322046	20710.40042845098	298.0	15989	20547
point	46	2	1	10	20713.08610957949	9574.806465279577	132.0	20695	9572
point	45	2	1	10	12905.59816380136	11465.59983307285	448.0	13086	11482
point	43	3	1	10	11265.411069010644	5862.103286458848	298.0	11433	6241
point	42	3	0	10	11731.658094928118	27125.79441424338	298.0	11299	27190
point	41	3	0	10	8626.128764067	19152.751618449554	298.0	8618	19155
point	40	3	0	10	17663.347568920875	24717.806362022286	132.0	17719	24776
point	39	4	1	10	17732.018538506905	18158.772716171792	132.0	17720	18272
point	38	4	3	10	4876.881266844752	17220.54300255687	126.12500000000001	4947	17076
point	37	4	3	10	17731.67637080371	11524.757820687648	126.125	17715	11487
point	36	4	0	10	9730.5079005462	18540.7410821832	448.0	9831	18589
point	35	4	0	10	19185.816258282874	10424.279061947529	132.0	19205	10520
point	34	5	3	10	6637.904500219531	19357.42244558059	126.125	6722	19330
point	33	5	0	10	8563.932048124709	18428.80278304946	1009.0	8584	18848
point	32	5	4	10	9823.272442973679	21343.672272180163	63.06250000000001	9775	21349
point	31	5	1	10	8584.409067570921	18849.393040917188	504.5	8584	18848
point	30	5	0	10	13863.816375326696	8069.953183203835	672.0	13982	8255
point	28	6	0	10	8580.429553439684	17215.541696320965	672.0	8652	17274
point	27	6	4	10	8458.763974514908	18315.625823921226	63.06249999999999	8378	18302
point	26	6	1	10	8419.029346598854	8360.16360936681	298.0	8339	8301
point	25	6	0	10	5215.641137547729	19462.14938121829	298.0	5255	19436
point	24	7	0	10	15224.927985044294	8982.258790925951	448.0	15223	8986
point	23	7	0	10	7635.4771630108535	19227.65631314888	448.0	7744	19389
point	22	7	2	10	3745.728800181481	18572.15984904414	252.25	3814	18354
point	21	7	1	10	11262.075981824748	28746.450573780847	504.5	11147	28595
point	20	7	0	10	8467.244496422676	21371.422457492114	672.0	8455	21316
point	19	8	0	10	10497.354190408329	17882.88597401959	672.0	10573	17890
point	29	6	1	10	18958.904660420834	11723.34440709753	504.5	18616	11773
point	17	8	0	10	10767.208509592441	13222.836799844596	1009.0	11396	13028
point	44	3	3	10	16833.97673274411	21860.854636758213	126.12500000000001	16819	21842
point	15	8	1	10	20138.518937197357	12514.037874394711	298.0	20110	12457
point	14	9	1	10	8698.06165575672	15919.751347708809	298.0	8598	16032
point	13	9	0	10	12981.915378087615	20228.532471137634	672.0	12944	20185
point	12	9	0	10	3587.019575168275	11623.7909115095	298.0	3384	12008
point	11	9	1	10	10930.918027692176	25000.27318199574	504.5	11196	24373
point	10	9	1	10	10625.76809648672	10192.190348540416	298.0	10673	10167
point	9	10	1	10	8960.948445368724	18268.021436788076	298.0	8865	18227
point	8	10	1	10	9877.496363687911	8059.911366635284	448.0	9999	7938
point	7	10	0	10	5141.30001831886	17869.199958010704	298.0	5168	17808
point	6	10	1	10	12368.686000039686	18440.98089593173	504.5	12292	18433
disappearpoint	5	9	0	10	9579.0	12916.0	0.0	9579	12916
point	4	11	0	10	13776.159173506101	11680.499195999497	672.0	13789	11651
point	3	11	2	10	14264.71024139419	8564.172283592901	252.25	14065	8701
point	2	11	0	10	8324.552964460323	17006.543261047744	672.0	8652	17274
point	1	11	1	10	12967.285044873628	14230.724679706025	298.0	12692	14109
point	0	11	0	10	8723.880369391773	16648.640786291584	1009.0	8652	17274
newpoint	50	1	3	10	15258.0	23385.0	126.12499999999999	15297	23324
newpoint	51	1	0	10	18994.0	16939.0	132.0	18984	17041
newpoint	52	1	1	10	12850.0	14873.0	298.0	12797	14931
newpoint	53	1	0	10	8581.0	21772.0	298.0	8772	21639
newpoint	54	1	0	10	8562.0	6777.0	447.99999999999994	8613	6813
point	54	2	0	11	8930.005466336066	7032.483329025678	448.0	8941	7040
point	53	2	0	11	8825.554762493128	21601.715038770606	298.0	9088	21419
point	52	2	1	11	12614.263558486895	14810.34122952848	298.0	12528	14743
point	51	2	0	11	18978.89067439658	17070.06531451756	132.0	18878	17644
point	50	2	3	11	15303.722828091772	23270.69926066035	126.125	15321	23144
point	48	3	0	11	15092.346027263507	9239.307945472985	448.00000000000006	15099	9226
point	47	3	1	11	15969.254647893737	20583.700600110555	298.0	15897	20718
point	46	3	1	11	20593.032401817913	9616.978398788058	132.0	20473	9697
point	45	3	1	11	13191.705594074985	11593.16616410651	298.0	13184	11622
point	43	4	1	11	11385.9538614144	6134.6348171108175	298.0	11433	6241
point	42	4	0	11	11436.886147625082	27169.537974720057	298.0	11299	27190
point	41	4	0	11	8576.0	19439.48563923038	298.0	8576	19454
point	40	4	0	11	17757.479897863173	24741.804301291635	132.0	18213	24337
point	39	5	1	11	17723.059966949822	18289.876649022648	132.0	17739	18383
point	38	5	3	11	4931.929957041261	17107.06543943249	126.12500000000001	4947	17076
point	37	5	3	11	17645.544585171036	11438.264015318253	126.125	17584	11395
point	36	5	0	11	10155.042680491757	18676.74327006297	447.99999999999994	10282	18693
point	35	5	0	11	19178.1571279705	10498.525702376399	132.0	19100	10436
point	34	6	3	11	6758.702035398176	19321.50923061684	126.12499999999999	6856	19299
point	33	6	0	11	8750.044043420035	19413.447282997957	1009.0	8843	19730
point	32	6	4	11	9760.553733340903	21350.19145925884	63.0625	9710	21353
point	31	6	1	11	8559.945456079715	18345.527304776275	504.5	8548	18096
point	30	6	0	11	13682.155023643321	8261.37367443442	448.0	13673	8261
point	28	7	0	11	9131.184009549615	17599.805815924345	672.0	9221	17655
point	27	7	4	11	8396.580252108279	18305.134705110293	63.06249999999999	8378	18302
point	26	7	1	11	8306.09401511279	8163.455348454751	298.0	7998	7924
point	25	7	0	11	5462.724653539722	19295.558523522468	298.0	5517	19259
point	24	8	0	11	15029.134968411052	9384.920522657438	448.0	14861	9780
point	23	8	0	11	7930.261003232529	19573.7137008774	672.0	7935	19575
point	22	8	2	11	3819.3727336082625	18330.960989781517	252.25	3873	18101
point	21	8	1	11	10958.510158882242	28343.514123324094	504.5	10938	28315
point	20	8	0	11	8425.789086161303	20704.70593342332	672.0	8471	20473
point	19	9	0	11	11012.273334575624	17813.39866393363	448.0	11047	17737
point	29	7	1	11	18458.534813658636	11765.431590243918	504.5	18442	11763
point	17	9	0	11	11723.064929426642	12901.394220867107	1008.9999999999999	12016	12788
point	44	4	3	11	16892.21281754232	21770.913695830277	126.125	17301	21374
point	15	9	1	11	20010.81965131751	12251.350073732054	298.0	19989	12220
point	14	10	1	11	8504.258596789914	16146.044840771716	298.0	8381	16296
point	13	10	0	11	12606.280648786638	20455.616409196322	672.0	12603	20494
point	12	10	0	11	3447.7954251909505	11887.268872756911	298.0	3384	12008
point	11	10	1	11	11127.301095276885	24535.564734938856	504.5	11196	24373
point	10	10	1	11	10851.66351869905	10488.177220385061	448.0	10930	10629
point	9	11	1	11	8725.256891451494	18220.662696207663	298.0	8704	18357
point	8	11	1	11	10186.219161862127	7932.850948205497	298.0	10196	7699
point	7	11	0	11	4648.026934141558	17803.597306585845	672.0	4634	17805
point	6	11	1	11	12196.98797897968	18111.63036063061	448.0	12118	18114
point	49	3	2	11	20346.6324439302	16078.77585888687	132.0	20307	16064
point	4	12	0	11	14139.383757343752	11119.553916013923	672.0	14229	10990
point	3	12	2	11	14064.598378328325	8711.155290840947	252.25	14051	9055
point	2	12	0	11	8694.72786777007	16902.26755040038	1009.0	8752	16404
point	1	12	1	11	12694.740325920824	14110.2117087405	298.0	12692	14109
point	0	12	0	11	8604.362222031856	17650.521668171292	1008.9999999999999	8548	18096
newpoint	55	1	0	11	12525.0	18867.0	298.0	12608	18730
newpoint	56	1	5	11	13320.0	14972.0	31.53125	13486	14959
newpoint	57	1	0	11	12905.0	30676.0	298.0	12964	30823
newpoint	58	1	0	11	20077.0	12394.0	298.0	20076	12345
newpoint	59	1	0	11	6935.0	17007.0	298.0	7019	16798
point	59	2	0	12	7055.593136453345	16735.121652854814	298.0	7090	16676
point	58	2	0	12	19992.687926619717	12123.376322563416	298.0	19994	12089
point	57	2	0	12	13251.514372257341	30701.668666448495	672.0	13402	30583
point	56	2	5	12	13351.435002450866	14969.538222699632	31.53125	13486	14959
point	55	2	0	12	12710.094462005773	18638.40610309568	298.0	12715	18633
point	54	3	0	12	9122.157880183666	7265.924924132662	298.0	9018	7412
point	53	3	0	12	9070.121397105004	21431.44712859778	298.0	9088	21419
point	52	3	1	12	12398.617871094617	15034.796781849014	504.5	12350	15144
point	51	3	0	12	18956.037110517882	17200.071909035076	132.0	18878	17644
point	50	3	3	12	15320.763981038759	23145.73080571576	126.125	15321	23144
point	48	4	0	12	15297.659305683568	8841.12539492355	448.0	15307	8823
point	47	4	1	12	15816.953522063535	20839.499118296422	298.0	15785	20888
point	46	4	1	12	20483.201762965316	9690.198824689789	132.0	20473	9697
point	45	4	1	12	13445.520270159177	11681.277927902747	298.0	13484	11690
point	43	5	1	12	11307.144019970905	6372.046776370896	298.0	10914	6778
point	42	5	0	12	11276.635914454517	27045.069351316397	298.0	11029	26726
point	41	5	0	12	8783.306073710002	19710.347678587656	672.0	8843	19730
point	40	5	0	12	17856.148947007998	24654.120672598154	132.0	18213	24337
point	39	6	1	12	17751.744228245214	18418.29170898675	132.0	17778	18491
point	38	6	3	12	4993.052677580091	16996.82171223072	126.125	5004	16978
point	37	6	3	12	17547.174361460668	11359.868792681802	126.125	17258	11084
point	36	6	0	12	10599.768542217076	18730.395455588223	448.00000000000006	10606	18731
point	35	6	0	12	19068.560874610084	10431.46021233772	132.0	19018	10441
point	34	7	3	12	6880.048242538275	19288.458304640757	126.125	7002	19235
point	33	7	0	12	9202.534239643282	20306.0957991945	1009.0	9356	20552
point	32	7	4	12	9697.582822690356	21353.58205518639	63.0625	9518	21362
point	31	7	1	12	8579.968313655329	17843.327367070382	504.49999999999994	8652	17274
point	30	7	0	12	13234.8470302718	8236.884679290652	448.0	13017	8221
point	28	8	0	12	9740.634670345355	17807.75405627253	672.0	10056	17840
point	27	8	4	12	8337.862974250738	18320.557979647507	63.0625	8285	18345
point	26	8	1	12	8070.802919323202	7980.583534765122	298.0	7998	7924
point	25	8	0	12	5360.968423356402	19088.528031572383	298.0	5287	19018
point	24	9	0	12	14846.957128829907	9784.801712027265	448.0	14663	10196
point	23	9	0	12	8594.404163355757	19648.766046278448	672.0	8600	19650
point	22	9	2	12	3874.8008283667978	18084.982105579536	252.24999999999997	3892	17932
point	21	9	1	12	10702.8536539488	27915.135227879273	504.49999999999994	10692	27851
point	20	9	0	12	8707.019783865706	20110.410752734195	672.0	8802	19982
point	19	10	0	12	11375.359316323047	17579.730084040166	448.0	11552	17495
point	29	8	1	12	17973.344760823093	11627.727072490836	504.50000000000006	17905	11608
point	17	10	0	12	12523.286132638823	12707.810878944561	672.0	13072	12900
point	44	5	3	12	16982.70112318529	21683.053681222584	126.125	17301	21374
point	15	10	1	12	19936.439698385744	11973.879396771488	298.0	19931	11963
point	14	11	1	12	8314.902544091421	16376.149670944262	298.0	8254	16450
point	13	11	0	12	12583.000146592058	21125.59922599394	672.0	12578	21152
point	12	11	0	12	3710.6719882831276	12168.737012594636	672.0	4201	12410
point	11	11	1	12	11327.361142047885	24072.439638230448	504.5	11455	23778
point	10	11	1	12	11066.783330713406	10881.143164588548	448.0	11235	11190
point	9	12	1	12	8546.214297323757	18330.37971273867	298.0	8378	18302
disappearpoint	8	11	1	12	10196.0	7699.0	0.0	10196	7699
point	7	12	0	12	4681.57398970441	17597.16351948808	298.0	4828	17320
point	6	12	1	12	11927.86109788232	17806.654593610143	448.0	11836	17634
point	49	4	2	12	20219.72953685914	16084.747317652354	132.0	20042	16127
point	4	13	0	12	14495.530486793192	10573.035188203308	448.0	14663	10196
point	3	13	2	12	14054.630181941364	8963.208256625505	252.25	14051	9055
point	2	13	0	12	8840.703980974717	15904.36125001996	1009.0	8948	15300
point	1	13	1	12	12397.423008767766	14093.138162010571	298.0	12172	14081
point	0	13	0	12	8574.776425259935	18655.32977209642	1009.0	8584	18848
newpoint	60	1	0	12	4113.0	18468.0	198.0	4175	18474
newpoint	61	1	2	12	19739.0	16417.0	132.0	19647	16426
newpoint	62	1	0	12	15551.0	22842.0	198.0	15560	22882
newpoint	63	1	4	12	15016.0	12494.0	63.0625	15205	12345
newpoint	64	1	0	12	14038.0	28985.0	298.0	13868	28736
point	64	2	0	13	13869.972310722047	28738.88885511641	298.0	13868	28736
point	63	2	4	13	15065.523486646283	12454.957674548697	63.0625	15205	12345
point	62	2	0	13	15687.236203505548	22790.022021562254	198.0	15726	22762
point	61	2	2	13	19609.067012898035	16437.231554840248	132.0	19468	16479
point	60	2	0	13	4265.0	18405.203608640695	298.0	4265	18280
point	58	3	0	13	19876.47335316862	11854.481782617828	298.0	19839	11744
point	57	3	0	13	13779.122440319867	30285.48050039973	672.0	13795	30273
point	56	3	5	13	13382.87000490173	14967.076445399262	31.53125	13486	14959
point	55	3	0	13	13032.199420732462	18516.46481173805	672.0	13080	18532
point	54	4	0	13	8946.021791379433	7506.252267448708	298.0	8669	7869
point	53	4	0	13	9358.90676840148	21366.983435698916	298.0	9381	21362
point	52	4	1	13	12196.432488194507	15496.918779513735	504.5	12104	15728
point	51	4	0	13	18933.18354663918	17330.07850355259	132.0	18878	17644
point	50	4	3	13	15253.437261412313	23068.633146998145	126.125	15130	23016
point	48	5	0	13	15416.661709679061	8409.811896770254	448.0	15417	8409
point	47	5	1	13	15656.279867040932	21060.05564386964	298.0	15382	21382
point	46	5	1	13	20410.584604718657	9605.108475078714	132.0	20405	9591
disappearpoint	45	4	1	13	13484.0	11690.0	0.0	13484	11690
point	43	6	1	13	11099.83055276713	6586.1148176940915	298.0	10914	6778
point	42	6	0	13	11093.924963678612	26809.653318585904	298.0	11029	26726
point	41	6	0	13	9327.247952194135	20505.92946725844	1009.0	9356	20552
point	40	6	0	13	17954.817996152826	24566.437043904676	132.0	18213	24337
point	39	7	1	13	17978.00461628984	18430.3200684146	504.5	18030	18415
point	38	7	3	13	5050.755866852893	16884.70985808025	126.125	5215	16557
point	37	7	3	13	17455.915726266903	11272.809174444807	126.125	17258	11084
point	36	7	0	13	10996.103850398973	18672.73810808404	448.0	11065	18611
point	35	7	0	13	18942.70597222738	10469.611730553595	132.0	18518	10631
point	34	8	3	13	6995.562239587059	19237.822031961838	126.125	7002	19235
point	33	8	0	13	10033.911082984698	20775.143703971575	1009.0	10364	20772
point	32	8	4	13	9634.589491256658	21356.534867597344	63.0625	9518	21362
point	31	8	1	13	8643.293173767532	17342.817415029698	504.49999999999994	8652	17274
point	30	8	0	13	12787.430926912863	8219.405770325784	448.0	12729	8219
point	28	9	0	13	10409.29761977486	17874.60479182836	672.0	10573	17890
point	27	9	4	13	8280.218081979083	18345.62372843751	63.0625	8216	18354
disappearpoint	26	8	1	13	8027.0	7885.0	0.0	8027	7885
point	25	9	0	13	5170.786454168333	18860.42231073672	298.0	5169	18858
point	24	10	0	13	14664.00913392381	10193.74428887619	448.0	14663	10196
point	23	10	0	13	8669.363355357658	19138.696831758516	1009.0	8584	18848
point	22	10	2	13	3989.833392697265	17941.608636782767	252.25	4116	17954
disappearpoint	21	9	1	13	10666.0	27643.0	0.0	10666	27643
point	20	10	0	13	8608.30836480581	19652.7352641336	672.0	8600	19650
point	19	11	0	13	11720.805174593193	17381.026886159372	448.0	11717	17349
point	29	9	1	13	17521.0	11751.780691903858	504.5	17521	11758
point	17	11	0	13	13160.035084935585	12921.413939578926	672.0	13220	12936
point	44	6	3	13	17073.18942882826	21595.193666614887	126.125	17301	21374
point	15	11	1	13	19766.259818459384	11714.138241262273	504.5	19744	11705
point	14	12	1	13	8125.722471844869	16606.38635857146	298.0	8006	16747
point	13	12	0	13	12327.644384270776	21746.469587356907	672.0	12327	21748
point	12	12	0	13	4304.3792185230395	12481.207687684353	672.0	5210	13105
point	11	12	1	13	11526.363923593426	23608.8534379459	504.5	11666	23276
point	10	12	1	13	11281.170464752393	11274.51585534217	448.0	11370	11438
disappearpoint	9	12	1	13	8285.0	18345.0	0.0	8285	18345
point	59	3	0	13	7254.720006894265	16516.201443155453	298.0	7478	16318
point	7	13	0	13	4820.776057566885	17333.673891034112	298.0	4828	17320
point	6	13	1	13	11724.330370116824	17410.6972818166	448.0	11717	17349
point	49	5	2	13	20091.308724660357	16115.277548476972	132.0	20042	16127
point	4	14	0	13	14677.474563223133	10163.645093971822	448.0	14850	9778
point	3	14	2	13	14031.744707922895	9214.22645371453	252.25	14025	9270
disappearpoint	2	13	0	13	8948.0	15300.0	0.0	8948	15300
point	1	14	1	13	12099.956010922588	14086.45787796041	298.0	11710	14116
point	0	14	0	13	8813.942027585077	19631.045823668097	1009.0	8843	19730
newpoint	65	1	0	13	8051.0	23835.0	298.0	8247	23884
newpoint	66	1	1	13	15223.0	25950.0	298.0	15245	26210
newpoint	67	1	0	13	8852.0	19410.0	298.0	8796	19222
newpoint	68	1	0	13	16226.0	12695.0	298.0	16240	12792
newpoint	69	1	5	13	10278.0	5386.0	31.53125	10278	5352
point	69	2	5	14	10278.0	5354.46875	31.53125	10278	5352
point	68	2	0	14	16312.183028940337	12978.329691324254	298.0	16322	13019
point	67	2	0	14	8762.43898751182	19125.852234493323	298.0	8759	19116
point	66	2	1	14	15247.873167441883	26246.959381184228	298.0	15289	26776
point	65	2	0	14	8342.644799511538	23881.66420276186	298.0	8461	23895
point	58	4	0	14	19439.637583123178	11671.950492410597	672.0	19348	11666
point	57	4	0	14	14370.162077948506	30108.795461470905	672.0	14395	30113
point	56	4	5	14	13414.305007352596	14964.614668098893	31.53125	13486	14959
point	55	4	0	14	13406.129265749683	19046.678041999156	672.0	13410	19057
point	54	5	0	14	8765.155585813713	7743.088530897231	298.0	8669	7869
point	53	5	0	14	9656.199951847662	21355.521877257142	298.0	9710	21353
point	52	5	1	14	11993.685935529864	15957.57435661861	504.5	11784	16295
point	51	5	0	14	18910.32998276048	17460.08509807011	132.0	18878	17644
point	50	5	3	14	15137.418905589466	23019.163391215814	126.125	15130	23016
point	48	6	0	14	15607.001217548752	8004.25782303417	448.0	15609	8000
point	47	6	1	14	15463.024217913131	21286.895353973916	298.0	15382	21382
point	46	6	1	14	20331.71132247056	9500.020952032419	132.0	20202	9339
point	64	3	0	14	13700.824313995867	28493.546373514473	298.0	13697	28488
point	43	7	1	14	10892.564863774242	6800.229030160046	298.0	10860	6834
disappearpoint	42	6	0	14	11202.0	26768.0	0.0	11202	26768
point	41	7	0	14	10269.457198664064	20772.900407631772	1009.0	10364	20772
point	40	7	0	14	18053.48704529765	24478.7534152112	132.0	18213	24337
point	39	8	1	14	18460.808666816352	18284.349294572472	504.5	18494	18273
point	38	8	3	14	5107.267787754081	16771.95384528688	126.125	5215	16557
point	37	8	3	14	17364.65709107314	11185.749556207811	126.125	17258	11084
point	36	8	0	14	11320.27529565687	18525.21285251396	448.0	11357	18569
point	35	8	0	14	18819.31453958972	10516.500474955907	132.0	18518	10631
point	34	9	3	14	7101.697012783836	19169.85145699274	126.125	7103	19169
point	33	9	0	14	11012.495808857855	20972.880856615902	1009.0	11552	21140
point	32	9	4	14	9571.59615982296	21359.4876800083	63.0625	9518	21362
point	31	9	1	14	8772.167018063124	17575.598697863497	448.0	8752	17627
point	30	9	0	14	12341.040051862223	8183.644044135227	448.0	12323	8182
point	28	10	0	14	10935.164495390534	18019.440404591976	448.0	10933	18028
point	27	10	4	14	8217.685281048653	18353.780180732785	63.0625	8216	18354
point	63	3	4	14	15115.046973292567	12415.915349097395	63.0625	15205	12345
point	25	10	0	14	5029.9079136864475	18597.862250610022	298.0	4988	18518
point	24	11	0	14	14482.14529681189	10603.1701514399	448.0	14480	10608
point	23	11	0	14	8550.23941258525	18142.778840669667	1009.0	8548	18096
point	22	11	2	14	4239.546932203632	17932.08038299613	252.25	4240	17932
point	62	3	0	14	15535.254121606524	22645.621626957363	298.0	15443	22604
point	20	11	0	14	7944.526900220258	19574.126700813144	672.0	7935	19575
point	19	12	0	14	11794.336270803053	16943.05211008273	448.0	11816	16870
point	29	10	1	14	17204.18105636008	12134.031572733198	504.5	17023	12436
point	17	12	0	14	13444.203162907239	12368.392268448972	672.0	13536	12144
point	44	7	3	14	17163.677734471228	21507.33365200719	126.125	17301	21374
point	15	12	1	14	19266.590912901363	11678.621563891262	504.50000000000006	19219	11686
point	14	13	1	14	7982.0	16856.501079649497	298.0	7982	16858
point	13	13	0	14	11531.799888517753	21133.74272640954	1009.0	10364	20772
point	12	13	0	14	4857.799102359285	12862.403742457585	672.0	5210	13105
point	11	13	1	14	11720.722934329266	23143.29688425153	504.49999999999994	11906	22694
point	10	13	1	14	11557.591958547737	11510.024092269028	448.0	12067	11487
point	61	3	2	14	19482.498531029196	16474.707138857277	132.0	19468	16479
point	59	4	0	14	7477.581583232388	16318.371420681395	298.0	7478	16318
point	7	14	0	14	4952.554669513397	17066.44986645065	298.0	5004	16978
point	6	14	1	14	11752.801236014335	16974.60247202867	448.0	11738	16945
point	49	6	2	14	20032.302575006845	16046.263298894199	132.0	19999	15769
point	4	15	0	14	14866.616234453897	9766.803108278733	448.0	15084	9256
point	3	15	2	14	14002.124954885945	9464.731153278624	252.25	13986	9602
point	60	3	0	14	4275.732309350651	18107.76433248158	298.0	4240	17932
point	1	15	1	14	11802.807489890258	14108.969129553769	298.0	11710	14116
point	0	15	0	14	8258.284765914874	19589.13901498094	672.0	8175	19579
newpoint	70	1	0	14	9029.0	12434.0	298.0	9069	12498
newpoint	71	1	0	14	13011.0	26466.0	298.0	12984	26479
newpoint	72	1	1	14	17789.0	28703.0	504.5	17643	28751
newpoint	73	1	1	14	12818.0	21616.0	298.0	12775	21687
newpoint	74	1	0	14	12273.0	15990.0	298.0	12307	15754
point	74	2	0	15	12247.919189430666	15746.432999631514	298.0	12104	15728
point	73	2	1	15	12699.615159449857	21888.34432096304	298.0	12696	21898
point	72	2	1	15	17322.945143572866	28894.61207383797	504.49999999999994	17042	29019
point	71	2	0	15	12761.025288852567	26338.94447518294	298.0	12741	26322
point	70	2	0	15	9186.588824221431	12686.922328962395	298.0	9280	12837
point	68	3	0	15	16479.04942562296	13208.600941851477	298.0	16552	13242
point	67	3	0	15	8584.233149800706	19292.05086825051	298.0	8576	19331
point	66	3	1	15	15270.969561350124	26544.062993731157	298.0	15289	26776
point	65	3	0	15	8542.401189813558	23501.966805052743	672.0	8554	23395
point	58	5	0	15	18773.968011493453	11750.124850794664	672.0	18616	11773
point	57	5	0	15	15008.723301595974	29938.48737837883	672.0	15375	29785
point	56	5	5	15	13445.74000980346	14962.152890798525	31.53125	13486	14959
point	55	5	0	15	13871.675520668932	19097.04956405808	672.0	14203	18956
point	54	6	0	15	8584.358975066747	7979.977894740125	298.0	8550	8025
point	53	6	0	15	9952.931827658174	21329.362039087893	298.0	10074	21316
point	52	6	1	15	11765.734772566544	16395.71935221072	504.50000000000006	11762	16432
point	51	6	0	15	18887.476418881775	17590.091692587626	132.0	18878	17644
point	50	6	3	15	15113.507576111162	22899.09781890559	126.125	15096	22775
disappearpoint	48	6	0	15	15210.0	8132.0	0.0	15210	8132
point	47	7	1	15	15109.567518186283	21274.218276225492	504.49999999999994	15109	21274
point	46	7	1	15	20248.90382347137	9397.225436033426	132.0	20202	9339
point	64	4	0	15	13514.081830532847	28266.94967867986	447.99999999999994	13402	28278
point	43	8	1	15	10685.760958978852	7014.78938090916	298.0	10594	7110
point	69	3	5	15	10278.0	5322.9375	31.53125	10278	5309
point	41	8	0	15	11237.504603470048	21042.580550569848	1009.0	11552	21140
point	40	8	0	15	18152.15609444248	24391.069786517717	132.0	18213	24337
point	39	9	1	15	18814.503842605485	18190.253706996922	132.0	18878	17644
point	38	9	3	15	5163.779708655269	16659.197832493515	126.125	5215	16557
point	37	9	3	15	17273.398455879375	11098.689937970816	126.125	17258	11084
point	36	9	0	15	11672.052039653314	18790.7838320023	448.0	11974	18944
point	35	9	0	15	18695.923106952057	10563.389219358218	132.0	18518	10631
point	34	10	3	15	7189.042730125349	19079.249339922197	126.125	7299	19011
point	33	10	0	15	11907.011479063858	21406.992104089346	1009.0	12036	21504
point	32	10	4	15	9508.59251001313	21362.0	63.06250000000001	9381	21362
point	31	10	1	15	8915.006207312063	17776.82853839498	298.0	8999	17810
point	30	10	0	15	11898.642921250854	8133.454198342631	447.99999999999994	11654	8037
point	28	11	0	15	11005.825389610194	17997.18194305732	88.0	11008	17993
point	27	11	4	15	8162.050605618703	18328.81723080099	63.0625	8113	18300
point	63	4	4	15	15164.57045993885	12376.873023646092	63.0625	15205	12345
point	25	11	0	15	4978.633531291021	18318.445993610527	298.0	4982	18307
point	24	12	0	15	14207.74088633284	10495.769735072716	298.0	14036	10426
point	23	12	0	15	8667.257544653345	17141.2593615159	1009.0	8752	16404
point	22	12	2	15	4479.98190666064	17855.82417376823	252.25	4564	17828
point	62	4	0	15	15255.003194399065	22561.168313861657	298.0	15249	22561
point	20	12	0	15	7518.963429016915	20084.07749449738	672.0	7465	20158
disappearpoint	19	12	0	15	11743.0	16720.0	0.0	11743	16720
point	29	11	1	15	16882.553923512507	12475.971619203943	504.49999999999994	16873	12481
point	17	13	0	15	13736.984502267516	11764.362606828023	672.0	13752	11736
point	44	8	3	15	17254.166040114196	21419.473637399493	126.125	17301	21374
point	15	13	1	15	18767.32502970767	11751.086812637961	504.5	18616	11773
point	14	14	1	15	7818.000116412224	17098.656079019547	298.0	7813	17106
point	13	14	0	15	10567.981922390447	20835.186319393673	1009.0	10364	20772
point	12	14	0	15	5349.609907146809	13303.654185471161	672.0	5756	14288
point	11	14	1	15	11913.655660453374	22677.15754700258	504.5	11931	22639
point	10	14	1	15	12005.135063250875	11489.796155333293	448.0	12067	11487
point	61	4	2	15	19358.718158781398	16520.451732876023	132.0	19352	16523
point	59	5	0	15	7998.576841417085	16740.947544560695	672.0	8006	16747
point	7	15	0	15	5091.675574888531	16803.064374274545	298.0	5215	16557
point	6	15	1	15	11686.155501287441	16712.218907440005	448.0	11694	16656
point	49	7	2	15	20016.56097049852	15915.205289266769	132.0	19999	15769
point	4	16	0	15	15042.047119664374	9354.57986231331	448.0	15084	9256
point	3	16	2	15	13968.415145457404	9714.673327254412	252.25000000000003	13932	9948
point	60	4	0	15	4494.931472080323	17850.87334366171	672.0	4564	17828
point	1	16	1	15	11533.929480839166	14189.068076498397	298.0	11457	14228
point	0	16	0	15	7702.9724867721325	19827.476171467093	672.0	7611	19958
newpoint	75	1	2	15	7618.0	8545.0	252.25	7546	8492
newpoint	76	1	1	15	12481.0	5979.0	298.0	12063	6226
newpoint	77	1	0	15	15332.0	12763.0	298.0	15318	12749
newpoint	78	1	4	15	3661.0	18898.0	63.0625	3681	18779
newpoint	79	1	0	15	14746.0	9123.0	198.00000000000003	14772	9117
point	79	2	0	16	14937.783849021387	9138.261283007128	198.0	15015	9164
point	78	2	4	16	3671.452148666689	18835.809715433203	63.0625	3681	18779
point	77	2	0	16	15131.570795175288	12685.22796521272	298.0	15016	12494
point	76	2	1	16	12224.443894592134	6130.601335013739	298.0	12063	6226
point	75	2	2	16	7647.411951855631	8364.586564734775	252.25	7682	8321
point	72	3	1	16	16864.323329772124	29104.665537431298	504.5	16818	29127
point	71	3	0	16	12544.768440232616	26246.661171225514	298.0	12496	26151
point	70	3	0	16	9383.792428128234	12774.36663819848	298.0	9454	12732
point	68	4	0	16	16354.036900713132	13691.25892826457	672.0	16270	13918
point	67	4	0	16	8598.156207222319	19587.311045558836	298.0	8600	19650
point	66	4	1	16	15294.419813664499	26841.138130893698	298.0	15343	27425
point	65	4	0	16	8601.997665414356	22832.64061701668	672.0	8605	22797
point	58	6	0	16	18117.590544269613	11669.362261381359	672.0	17905	11608
point	57	6	0	16	15321.324919498722	29675.565369851764	298.0	15169	29365
point	56	6	5	16	13477.175012254325	14959.691113498155	31.53125	13486	14959
point	55	6	0	16	14489.869780443558	18833.57325026525	672.0	14599	18787
point	54	7	0	16	8403.536020298492	8216.842222723903	298.0	8393	8231
point	53	7	0	16	10134.326627656512	21481.5474898481	298.0	10160	21552
point	52	7	1	16	11684.96242477515	16854.980831849447	448.0	11689	16865
point	51	7	0	16	18869.078823747084	17720.748354528747	132.0	18810	18229
point	50	7	3	16	15095.892140285192	22774.209028758076	126.125	15081	22665
point	74	3	0	16	12232.057844293837	15407.855389265407	672.0	12242	15383
point	47	8	1	16	14671.577510824662	21151.95615971261	448.0	14653	21194
point	46	8	1	16	20144.83578126124	9336.203924083431	132.0	20018	9330
point	64	5	0	16	13068.063130503662	28309.022137336106	448.0	12865	28328
point	43	9	1	16	10769.628501767824	7286.804585485019	448.0	11042	7561
point	69	4	5	16	10278.0	5291.40625	31.531250000000004	10278	5144
point	41	9	0	16	12092.827812521293	21551.649437303076	1009.0	12327	21748
point	40	9	0	16	18250.921579398866	24303.494990089355	132.0	18462	24117
point	39	10	1	16	18829.744813037967	18059.136534893965	132.0	18878	17644
point	38	10	3	16	5220.269688156587	16546.430851437355	126.12499999999999	5392	16202
point	37	10	3	16	17174.75941833535	11020.257212238783	126.12499999999999	17147	10999
point	36	10	0	16	12064.788757136179	19021.508715920965	672.0	12167	19222
point	35	10	0	16	18572.531674314396	10610.27796376053	132.0	18518	10631
point	34	11	3	16	7296.203596087087	19012.73569898043	126.125	7299	19011
point	33	11	0	16	12196.548307851412	22030.96506752819	672.0	12191	22043
point	32	11	4	16	9445.53001001313	21362.0	63.06250000000001	9381	21362
disappearpoint	31	10	1	16	8999.0	17810.0	0.0	8999	17810
point	30	11	0	16	11488.622795357254	7954.033250451389	448.0	11347	7884
point	28	12	0	16	11079.688161325894	18035.396224440046	88.0	11101	18048
point	27	12	4	16	8107.791925573522	18296.685770819513	63.0625	8102	18293
point	63	5	4	16	15214.461901749883	12338.32383582115	63.0625	15402	12206
point	25	12	0	16	5068.876691919013	18034.77744318222	298.0	5079	18012
point	24	13	0	16	14070.625305668367	10318.826434836004	298.0	14099	10231
point	23	13	0	16	8798.652480697141	16141.22276178753	1009.0	8948	15300
point	22	13	2	16	4723.6157812954325	17796.038421870457	252.25	4744	17794
point	62	5	0	16	15042.814259478298	22452.705209565425	298.0	14989	22150
point	20	13	0	16	7041.5442536354585	20545.623743607634	672.0	6965	20623
point	73	3	1	16	12259.014168271	21690.99469779424	504.5	12036	21504
point	29	12	1	16	16721.6371144778	12934.33118366693	504.5	16565	13211
point	17	14	0	16	14020.29633918578	11717.0	298.0	14131	11717
point	44	9	3	16	17341.250483001462	21419.63118993048	126.12499999999999	17877	22027
point	15	14	1	16	18272.071819469358	11713.951828710895	504.50000000000006	17905	11608
point	14	15	1	16	7710.599311038417	17376.166918730225	298.0	7654	17541
point	13	15	0	16	10370.623935670495	21125.086566704198	447.99999999999994	10371	21227
point	12	15	0	16	5606.051640083169	13924.799609352394	672.0	5756	14288
point	11	15	1	16	12115.965046398367	22215.003201332976	504.5	12191	22043
disappearpoint	10	14	1	16	12294.0	11482.0	0.0	12294	11482
point	61	5	2	16	19235.1763801687	16566.942829477826	132.0	19134	16605
point	59	6	0	16	8519.34943116034	17165.651825451576	672.0	8652	17274
point	7	16	0	16	5225.156003332309	16536.63061478548	298.0	5392	16202
point	6	16	1	16	11817.135189016151	16241.679006180906	504.5	12045	15875
point	49	8	2	16	20000.8193659902	15784.14727963934	132.0	19999	15769
point	4	17	0	16	15240.032914575375	8952.94803481207	448.0	15307	8823
point	3	17	2	16	13929.52298559506	9963.907076881726	252.24999999999997	13868	10359
point	60	5	0	16	5158.071008830806	17807.141939034762	672.0	5168	17808
point	1	17	1	16	11271.893408707014	14330.890416978438	298.0	11072	14442
point	0	17	0	16	7293.793065836995	20356.393350700037	672.0	7267	20379
newpoint	80	1	2	16	6850.0	21847.0	252.25	6861	21834
newpoint	81	1	0	16	16246.0	5056.0	298.0	15855	4973
newpoint	82	1	3	16	16507.0	17914.0	126.125	16463	18001
newpoint	83	1	0	16	9356.0	20552.0	1009.0	8843	19730
newpoint	84	1	0	16	13081.0	27061.0	198.0	13092	27093
point	84	2	0	17	13186.130453578506	27212.315829291307	198.0	13211	27265
point	83	2	0	17	8831.714137194027	19691.56706179588	1009.0	8584	18848
point	82	2	3	17	16452.211738099566	18027.521143838567	126.125	16439	18060
point	81	2	0	17	15954.495405722831	4994.1205081201915	298.0	15855	4973
point	80	2	2	17	7025.193195010627	21665.99106106308	252.25	7057	21641
point	77	3	0	17	14924.921969649366	12559.105545494533	448.0	14631	12806
point	76	3	1	17	11968.094007822538	6282.550202592788	298.0	11870	6341
point	75	3	2	17	7824.362236215099	8442.10960985246	252.25	8080	8640
point	72	4	1	17	16406.04142427658	29315.588916466255	504.49999999999994	16285	29371
point	71	4	0	17	12429.226249096295	25972.452796496615	298.0	12404	25905
point	70	4	0	17	9638.525968134189	12619.724208547506	298.0	9726	12566
point	68	5	0	17	16468.058630305542	13984.389018675742	672.0	16800	13876
point	67	5	0	17	9061.407392695077	20079.962722797958	1009.0	9356	20552
point	66	5	1	17	15319.129497212887	27138.111920206728	298.0	15343	27425
point	65	5	0	17	8654.0	22162.965176538873	672.0000000000001	8654	22068
point	58	7	0	17	17668.420863877418	11428.931554141023	448.0	17579	11229
point	57	7	0	17	15190.097647548044	29408.014621214457	298.0	15169	29365
point	56	7	5	17	13470.231919025893	14942.699213587579	31.53125	13338	14806
point	55	7	0	17	15113.425818203377	18588.365848846915	672.0	15301	18562
point	54	8	0	17	8493.346116780114	8415.104059929854	298.0	8642	8525
disappearpoint	53	7	0	17	10160.0	21552.0	0.0	10160	21552
point	52	8	1	17	11720.781835134316	17273.36329731368	448.00000000000006	11717	17349
point	51	8	0	17	18853.837853314606	17851.865526631704	132.0	18810	18229
point	50	8	3	17	15078.154777932612	22649.35127862936	126.125	15061	22555
point	74	4	0	17	12506.496074567409	14794.49624248331	672.0	12528	14743
point	47	9	1	17	14612.134525740254	21593.947964515923	448.0	14604	21671
point	46	9	1	17	20013.742074901762	9332.645006986524	132.0	19065	9922
point	64	6	0	17	12634.25190301284	28401.50864701029	448.0	12222	28565
point	43	10	1	17	11084.234732290535	7605.727273868337	448.0	11347	7884
point	69	5	5	17	10278.0	5259.875	31.531250000000004	10278	5144
point	41	10	0	17	12133.569499678519	22174.64837766001	672.0	11931	22639
point	40	10	0	17	18349.84218687046	24216.095256580316	132.0	18462	24117
point	39	11	1	17	18844.985783470445	17928.01936279101	132.0	18878	17644
point	38	11	3	17	5276.547286031053	16433.557703158058	126.12499999999999	5392	16202
point	37	11	3	17	17058.17314913296	10978.50149595376	126.12499999999999	16900	10942
point	36	11	0	17	12371.173483584267	19619.59744467152	672.0	12393	19662
point	35	11	0	17	18331.022283417366	10661.04932398579	448.0	18247	10659
point	34	12	3	17	7402.656385782281	18945.953011848098	126.125	7429	18924
point	33	12	0	17	11927.480741011617	22646.74236977444	672.0	11906	22694
point	32	12	4	17	9382.46751001313	21362.0	63.06250000000001	9381	21362
point	79	3	0	17	15086.651085582504	9250.697828834991	448.00000000000006	15084	9256
point	30	12	0	17	11147.893287393825	7673.142727305592	448.0	11042	7561
point	28	13	0	17	11077.82012551185	18113.56040139389	88.0	11071	18132
point	27	13	4	17	8053.950795228934	18263.855400384764	63.0625	7980	18219
point	63	6	4	17	15265.989185374452	12301.967021487062	63.0625	15402	12206
point	25	13	0	17	5281.432342983806	17818.208910868543	672.0	5368	17826
disappearpoint	24	13	0	17	14099.0	10231.0	0.0	14099	10231
point	23	14	0	17	9008.770487896256	15157.819990582346	1008.9999999999999	9160	14804
point	22	14	2	17	4975.430257418718	17792.42655736714	252.25	5006	17794
point	62	6	0	17	14990.654325732485	22159.305582245226	298.0	14989	22150
point	20	14	0	17	6681.225215557723	20782.343794063247	298.0	6627	20675
point	73	4	1	17	11865.39866674184	21375.69651796287	504.5	11552	21140
point	29	13	1	17	16489.25528821313	13381.490309674942	504.5	16431	13511
disappearpoint	17	14	0	17	14131.0	11717.0	0.0	14131	11717
point	44	10	3	17	17424.683138901833	21514.217169623083	126.12499999999999	17877	22027
point	15	15	1	17	17783.459698563816	11604.423383572697	504.5	17768	11607
point	14	16	1	17	7610.077952922473	17656.661390637488	298.0	7474	18015
point	13	16	0	17	10220.456019838864	21300.78801755441	298.0	10117	21312
point	12	16	0	17	5865.66376339128	14544.613206335594	672.0	5956	14756
point	11	16	1	17	12323.651712371466	21755.26282978248	504.5	12327	21748
point	78	3	4	17	3682.629490411406	18773.792981768063	63.0625	3814	18354
point	61	6	2	17	19111.856426713697	16614.00029107766	132.0	18979	16668
point	59	7	0	17	8737.85208576416	16527.086853851815	1009.0	8752	16404
point	7	17	0	17	5358.125075019848	16269.941233717254	298.0	5392	16202
point	6	17	1	17	12072.076920109766	15807.43650112221	504.5	12104	15728
point	49	9	2	17	19914.29758700166	15695.63925430252	132.0	19883	15692
point	4	18	0	17	15383.158595294564	8530.957855439477	447.99999999999994	15412	8421
point	3	18	2	17	13890.710919686162	10213.15331264043	252.24999999999997	13868	10359
point	60	6	0	17	5827.6586995189255	17794.0	672.0	5846	17794
point	1	18	1	17	11087.39409650803	14558.310951394	504.5	11090	14578
point	0	18	0	17	6797.828420324702	20805.17284510869	672.0	6725	20869
newpoint	85	1	1	17	12646.0	16106.0	298.0	12535	16154
newpoint	86	1	1	17	15139.0	11547.0	298.0	15279	11537
newpoint	87	1	5	17	13305.0	9681.0	31.53125	13350	9452
newpoint	88	1	0	17	12010.0	7368.0	198.0	12086	7382
newpoint	89	1	1	17	5731.0	23419.0	132.0	5754	23526
point	89	2	1	18	5776.058883337306	23521.290800186416	132.0	6199	23431
point	88	2	0	18	12096.473623142654	7502.2660864311665	198.0	12115	7715
point	87	2	5	18	13311.07982334795	9650.060454518203	31.53125	13350	9452
point	86	2	1	18	15277.17765574458	11694.63277809393	298.0	15277	11710
point	85	2	1	18	12560.883265694813	15978.835933023434	298.0	12607	15657
point	81	3	0	18	15840.368813960351	5168.74154296287	298.0	15818	5468
point	80	3	2	18	7230.962793570872	21521.79030696489	252.25	7276	21473
point	77	4	0	18	14584.40054421898	12850.064182965754	448.0	14283	13130
point	76	4	1	18	11993.946609636821	6476.735875849064	298.0	12259	6767
point	75	4	2	18	8023.830871509951	8596.519214584838	252.25	8080	8640
point	72	5	1	18	15947.326204146628	29525.590337419406	504.5	15728	29626
point	71	5	0	18	12233.771729903567	25853.631613328685	298.0	12220	25856
point	70	5	0	18	9874.561256603345	12446.210227644022	298.0	9895	12431
point	68	6	0	18	17093.714776083703	13742.06606210583	672.0	17300	13648
point	67	6	0	18	9778.929804967554	20713.116116178116	1009.0	9944	20776
point	66	6	1	18	15346.668159601108	27434.43241040285	298.0	15364	27479
point	65	6	0	18	8500.839968969769	21513.301718038798	672.0	8493	21488
point	58	8	0	18	17649.804261322726	11013.464713004787	447.99999999999994	17660	10992
point	57	8	0	18	15058.360830525498	29140.721661050997	298.0	14985	28994
point	56	8	5	18	13448.309347522536	14920.036014668567	31.53125	13338	14806
point	55	8	0	18	15315.879642764807	18655.617752395246	132.0	15349	18864
point	54	9	0	18	8587.924468477186	8613.361652935499	298.0	8497	8734
point	84	3	0	18	13398.508109860617	27169.74594506969	298.0	13420	27159
point	52	9	1	18	11863.106181925552	17684.94655879983	448.0	12002	17946
point	51	9	0	18	18838.596882882124	17982.98269873466	132.0	18810	18229
point	50	9	3	18	15055.709289093978	22525.239751153633	126.125	14989	22150
point	74	5	0	18	12683.326291013198	14148.399220482424	672.0	12692	14109
point	47	10	1	18	14628.622080717474	22040.67758616253	448.0	14630	22058
point	46	10	1	18	19901.615030711127	9402.297903272834	132.0	19065	9922
point	64	7	0	18	12217.817802215375	28566.694987648392	448.0	11995	28657
point	43	11	1	18	11405.508404279874	7912.932727391146	448.0	11529	7974
point	69	6	5	18	10278.0	5228.34375	31.531250000000004	10278	5144
point	41	11	0	18	11865.981742949178	22791.04427334824	672.0	11666	23276
point	40	11	0	18	18448.762794342056	24128.695523071277	132.0	18462	24117
point	39	12	1	18	18860.226753902927	17796.90219068805	132.0	18878	17644
point	38	12	3	18	5332.824883905519	16320.684554878762	126.12499999999999	5392	16202
point	37	12	3	18	16935.278059575976	10950.141090671379	126.12499999999999	16900	10942
point	36	12	0	18	12795.716247248482	20091.870569918254	672.0	12944	20185
point	35	12	0	18	17910.884274314656	10798.334867371532	448.0	17744	10900
point	34	13	3	18	7480.645777478167	18999.93463322285	126.125	7631	19221
point	33	13	0	18	11669.603853096396	23267.260656241237	672.0	11666	23276
point	32	13	4	18	9320.914591765812	21375.553099601697	63.0625	9248	21392
point	79	4	0	18	14910.8904442911	9662.768642114186	448.0	14861	9780
point	30	13	0	18	10868.270821785536	7650.44470393214	298.0	10504	7841
disappearpoint	28	13	0	18	11071.0	18132.0	0.0	11071	18132
point	27	14	4	18	8000.031758182425	18231.150410700815	63.0625	7980	18219
point	63	7	4	18	15317.516468999022	12265.610207152975	63.0625	15402	12206
point	25	14	0	18	5947.837279564544	17821.616889373436	672.0	5964	17826
point	83	3	0	18	8577.792599582277	18718.334302385352	1009.0	8548	18096
point	23	15	0	18	9517.613741073808	14292.377421529442	1009.0	9708	14020
point	22	15	2	18	5226.79832525894	17813.291849273304	252.25	5368	17826
point	62	7	0	18	14946.854550602573	21864.552485172655	298.0	14945	21851
point	20	15	0	18	6556.217921378228	20512.13583021235	298.0	6522	20428
point	73	5	1	18	11444.668683301403	21106.752588766765	504.5	10364	20772
point	29	14	1	18	16296.215269720207	13847.268234528496	504.5	16270	13918
point	82	3	3	18	16448.02039367795	18150.613954673947	126.125	16483	18502
point	44	11	3	18	17508.115794802205	21608.803149315692	126.12499999999999	17877	22027
point	15	16	1	18	17377.396490963733	11878.338136063912	504.5	17342	11908
point	14	17	1	18	7504.284692382713	17935.25031005886	298.0	7474	18015
point	13	17	0	18	9924.157297916898	21332.53782330683	298.0	9775	21349
point	12	17	0	18	5759.947774975471	14757.62698941929	298.0	5474	14760
point	11	17	1	18	12522.321955571206	21291.537355815755	504.5	12549	21230
point	78	4	4	18	3701.4636452875916	18713.608652276493	63.0625	3814	18354
point	61	7	2	18	18989.571437313673	16663.703222253152	132.0	18979	16668
point	59	8	0	18	8906.718423442067	15532.524798571218	1009.0	8948	15300
point	7	18	0	18	5476.711243156643	15996.708789106875	298.0	5503	15933
point	6	18	1	18	12261.482922261119	15339.885014625856	504.49999999999994	12350	15144
point	49	10	2	18	19783.43816324946	15702.139880370858	132.0	19771	15706
point	4	19	0	18	15625.486056971164	8452.82687444153	298.0	15647	8455
point	3	19	2	18	13866.312386321792	10463.632048048883	252.25	13858	10979
point	60	7	0	18	6478.415170772887	17923.23052213991	672.0000000000001	6483	17923
point	1	19	1	18	10659.880882613537	14592.47433362749	448.0	10606	14595
point	0	19	0	18	6609.437328400586	20641.630923961115	298.0	6607	20637
newpoint	90	1	0	18	15424.0	20971.0	298.0	15288	20835
newpoint	91	1	0	18	5956.0	14756.0	672.0	5756	14288
newpoint	92	1	2	18	8344.0	20774.0	252.25	8264	20779
newpoint	93	1	1	18	19302.0	27990.0	504.5	20002	27936
newpoint	94	1	5	18	10268.0	17714.0	31.53125	10594	17734
point	94	2	5	19	10299.472078558425	17715.930802365547	31.53125	10594	17734
point	93	2	1	19	19805.005522055508	27951.196716870003	504.5	20002	27936
point	92	2	2	19	8097.287257777139	20744.47291602941	252.24999999999997	8044	20726
point	91	2	0	19	5994.066311724029	14345.135914813767	1009.0000000000001	6456	14456
point	90	2	0	19	15227.199340251098	20858.58875271629	298.0	15182	21103
point	88	3	0	19	12113.651848220012	7699.519498526348	198.0	12115	7715
point	87	3	5	19	13317.159646695904	9619.120909036405	31.53125	13350	9452
point	86	3	1	19	15355.917035471328	11978.080107669217	298.0	15357	11989
point	85	3	1	19	12603.152735072796	15683.848997789848	298.0	12607	15657
point	81	4	0	19	15818.156033507532	5465.912524696542	298.0	15818	5468
point	80	4	2	19	7310.306783755788	21300.773663311767	252.25	7304	21283
point	77	5	0	19	14256.040061063064	13154.831522705072	448.0	14245	13165
point	76	5	1	19	12194.891128297131	6696.793369291974	298.0	12259	6767
point	75	5	2	19	7970.291568440447	8784.23595824327	252.25000000000003	7883	8899
point	72	6	1	19	15489.576884087373	29737.61858176838	504.50000000000006	15375	29785
point	71	6	0	19	11957.475544399656	25836.986881840163	298.0	11973	25151
point	70	6	0	19	10194.53380494562	12835.556341576035	672.0	10277	12973
point	68	7	0	19	17723.47632586281	13510.370194094587	672.0	18100	13388
point	67	7	0	19	10757.874395785198	20894.008230344236	1009.0	11552	21140
point	66	7	1	19	15370.401465139603	27728.66417649229	298.0	15370	27733
point	65	7	0	19	8413.692887987796	20849.179959450852	672.0	8412	20773
point	58	9	0	19	17726.746544470094	10813.41022785459	132.0	17637	10363
point	57	9	0	19	14925.8807324286	28873.79082260482	298.0	14925	28872
point	56	9	5	19	13426.386776019179	14897.372815749555	31.53125	13338	14806
point	55	9	0	19	15336.59969206906	18785.9813959345	132.0	15349	18864
disappearpoint	54	9	0	19	8443.0	8804.0	0.0	8443	8804
point	84	4	0	19	13666.742551097097	27055.190143053856	298.0	13759	27082
point	52	10	1	19	12072.599977682845	18080.944261140627	448.0	12081	18097
point	51	10	0	19	18823.355912449646	18114.099870837617	132.0	18810	18229
point	50	10	3	19	15033.633209752736	22401.061804859135	126.125	14989	22150
point	74	6	0	19	12930.800567054583	13528.684259709991	672.0	12975	13445
point	47	11	1	19	14579.188076519345	22329.109867425963	298.0	14535	22311
point	46	11	1	19	19789.487986520497	9471.950799559147	132.0	19065	9922
point	64	8	0	19	11800.219301518808	28728.702534484186	448.0	11660	28770
point	43	12	1	19	11812.383755913235	8099.445208424573	447.99999999999994	11933	8147
point	69	7	5	19	10278.0	5196.8125	31.531250000000004	10278	5144
point	41	12	0	19	11608.967087581987	23411.95054704294	672.0	11494	23686
point	40	12	0	19	18844.106100093588	24556.06431692293	672.0	18906	24628
point	39	13	1	19	18875.46772433541	17665.785018585095	132.0	18878	17644
point	38	13	3	19	5389.102481779984	16207.811406599467	126.12499999999999	5392	16202
point	37	13	3	19	16813.53998997513	10966.702860007106	126.125	16494	11058
point	36	13	0	19	13273.67822523266	20537.107853070363	672.0	13308	20551
point	35	13	0	19	17605.077332349247	11107.62666873843	447.99999999999994	17603	11112
point	34	14	3	19	7551.576733204712	19104.224206741583	126.125	7631	19221
point	33	14	0	19	11408.065330546153	23886.269748853763	672.0	11279	24184
point	32	14	4	19	9259.397639533556	21389.42910386461	63.0625	9248	21392
point	79	5	0	19	15067.514357606018	9833.182627209577	297.99999999999994	15160	9857
point	30	14	0	19	10604.21761391717	7788.574727512916	298.0	10504	7841
point	89	3	1	19	5905.149990256159	23493.732024552057	132.0	6199	23431
point	27	15	4	19	7957.143851420175	18251.37954382142	63.0625	7764	18525
point	63	8	4	19	15369.04375262359	12229.253392818888	63.0625	15402	12206
point	25	15	0	19	6601.522673584842	17936.10122625244	672.0	6772	17941
point	83	4	0	19	8596.444834061951	17713.099484625738	1008.9999999999999	8652	17274
point	23	16	0	19	10218.311162732507	13575.61420278796	1008.9999999999999	10544	13292
point	22	16	2	19	5477.820898996234	17813.971996776603	252.25	5578	17803
point	62	8	0	19	14936.740363637668	21567.252545445746	298.0	14951	21471
point	20	16	0	19	6518.951919893856	20222.9486622116	298.0	6552	19990
point	73	6	1	19	10962.75970023775	20957.474385258833	504.5	10364	20772
point	29	15	1	19	16111.71726808865	14316.793037184643	504.5	16081	14393
point	82	4	3	19	16460.51407180561	18276.118630410918	126.125	16483	18502
point	44	12	3	19	17591.548450702572	21703.3891290083	126.12499999999999	17877	22027
point	15	17	1	19	17104.586058298188	12300.023236169689	504.5	17023	12436
point	14	18	1	19	7114.730920532826	17991.4589548435	504.5	7062	17989
point	13	18	0	19	9742.139931798574	21485.134967063357	298.0	9742	21486
point	12	18	0	19	5464.530856803135	14767.440041083251	298.0	5418	14804
point	11	18	1	19	12603.0	20800.134488408945	504.49999999999994	12603	20538
point	78	5	4	19	3720.2978001637766	18653.424322784922	63.0625	3814	18354
point	61	8	2	19	18985.664450655022	16788.404408500697	132.0	18994	16939
point	59	9	0	19	9293.733437709563	14612.673329992156	1009.0	9708	14020
point	7	19	0	19	5293.003613481483	15842.092305208755	298.0	5241	15822
point	6	19	1	19	12468.952756602841	14880.023305561788	504.50000000000006	12490	14834
point	49	11	2	19	19708.174531624947	15801.534983265548	132.0	19747	16143
point	4	20	0	19	15897.760545397161	8354.935007032735	298.0	15915	8343
point	3	20	2	19	13862.244367039111	10715.849243575112	252.25	13858	10979
point	60	8	0	19	7145.559085245089	17992.896537653916	672.0	7255	17998
point	1	20	1	19	10212.179492987629	14608.729075736315	448.0	10205	14609
point	0	20	0	19	6510.961717093221	20361.770302559326	298.0	6506	20332
newpoint	95	1	0	19	13313.0	9068.0	298.0	12839	8761
newpoint	96	1	1	19	7882.0	19753.0	298.0	7868	19924
newpoint	97	1	1	19	7159.0	12506.0	298.0	7232	12502
newpoint	98	1	2	19	5111.0	21985.0	132.0	5487	21817
newpoint	99	1	1	19	10251.0	15245.0	298.0	10323	15256
point	99	2	1	20	10542.905814486887	15207.633388584576	298.0	10666	15180
point	98	2	2	20	5231.51714980129	21931.151911790912	132.0	5487	21817
point	97	2	1	20	7388.334540243635	12211.058102987627	448.0	7422	12174
point	96	2	1	20	7994.281516276912	19925.467171190125	298.0	8121	19951
point	95	2	0	20	13062.878903647066	8906.001737172257	298.0	12839	8761
point	93	3	1	20	19984.346626810533	27629.587879639963	504.5	19932	26721
point	92	3	2	20	7880.365712533608	20824.394287070754	252.25	7846	20851
point	91	3	0	20	6953.943680667512	14648.752392516457	1009.0	7572	14888
point	90	3	0	20	15162.587068058252	21148.474128247108	298.0	15109	21274
point	88	4	0	20	12297.228643343002	7705.796533164495	198.0	12313	7705
point	87	4	5	20	13323.239470043854	9588.181363554608	31.53125	13350	9452
point	86	4	1	20	15623.132700666034	12096.504028128313	298.0	15644	12105
point	85	4	1	20	12551.909782252775	15452.979819714436	298.0	12476	15436
point	81	5	0	20	15775.188204190592	5760.793316167792	297.99999999999994	15731	6063
point	80	5	2	20	7397.637041669237	21146.87088322011	252.25	7487	21108
point	77	6	0	20	13961.376669370582	13491.85192448569	448.00000000000006	13947	13509
point	76	6	1	20	12301.212428695699	6954.701650872572	298.0	12303	7070
point	75	6	2	20	7817.52908568042	8984.968817400944	252.25	7669	9180
point	72	7	1	20	15024.054925613313	29932.06269783823	504.5	14640	30093
point	71	7	0	20	11964.217806764666	25539.063163586306	298.0	11973	25151
point	70	7	0	20	10615.743413382492	13353.233231804166	672.0	10701	13426
point	68	8	0	20	18328.765323538406	13233.42883544702	672.0	18840	12888
point	67	8	0	20	11693.976857551948	21246.775983778738	1009.0	12036	21504
point	66	8	1	20	15393.986386692157	28025.664301427612	298.0	15428	28448
point	65	8	0	20	8620.271532891098	20227.692105203154	672.0	8802	19982
point	58	10	0	20	17700.95194091262	10683.955067944635	132.0	17637	10363
point	57	10	0	20	14794.050067072696	28606.536870664375	298.0	14778	28574
point	56	10	5	20	13404.46420451582	14874.709616830545	31.53125	13338	14806
disappearpoint	55	9	0	20	15349.0	18864.0	0.0	15349	18864
point	94	3	5	20	10330.94415711685	17717.861604731093	31.53125	10594	17734
point	84	5	0	20	13947.773013376682	27010.314045553157	298.0	13996	26992
point	52	11	1	20	12301.663845856703	18364.279318352335	448.0	12292	18433
point	51	11	0	20	18893.035546375697	18232.64190992876	672.0	18924	18234
point	50	11	3	20	15011.557130411491	22276.883858564637	126.125	14989	22150
point	74	7	0	20	12639.32507075761	13256.692690546157	448.0	12296	13086
point	47	12	1	20	14303.812327115316	22215.2150856378	298.0	14074	22120
point	46	12	1	20	19677.360942329862	9541.603695845459	132.0	19065	9922
point	64	9	0	20	11361.932214730035	28817.479824202295	448.0	11321	28824
disappearpoint	43	12	1	20	11933.0	8147.0	0.0	11933	8147
point	69	8	5	20	10278.0	5165.28125	31.531250000000004	10278	5144
point	41	13	0	20	11345.667891594501	24030.20929552632	672.0	11279	24184
point	40	13	0	20	19283.674654099283	25064.353030297592	672.0	19841	25698
point	39	14	1	20	18897.05646159341	17535.59390244504	132.0	18984	17041
point	38	14	3	20	5437.632290680919	16091.413637899395	126.125	5503	15933
point	37	14	3	20	16692.26778207893	11001.352062263164	126.125	16494	11058
point	36	14	0	20	13898.722990070884	20783.889351481183	672.0	14003	20825
point	35	14	0	20	17725.9156884165	11511.714766226036	448.0	17768	11607
point	34	15	3	20	7622.507688931257	19208.513780260313	126.125	7631	19221
point	33	15	0	20	11141.084818656016	24502.947805358537	672.0	10893	25090
point	32	15	4	20	9197.060558597883	21398.702558079225	63.06250000000001	9134	21407
point	79	6	0	20	15334.399713467732	9897.245005851883	298.0	15462	9926
point	30	15	0	20	10337.170651156577	7920.2551478238665	298.0	10302	7934
point	89	4	1	20	6034.241097175013	23466.173248917694	132.0	6199	23431
point	27	16	4	20	7920.776767271611	18302.89957969855	63.0625	7764	18525
point	63	9	4	20	15422.68335342493	12196.577583439754	63.0625	15492	12165
point	25	16	0	20	7269.254092412086	17999.106482059386	672.0	7474	18015
point	83	5	0	20	8961.768967519458	17489.273026700706	672.0	9042	17545
point	23	17	0	20	10293.688138276117	13001.491943398249	672.0	10277	12973
point	22	17	2	20	5729.160676627749	17794.0	252.24999999999997	5846	17794
point	62	9	0	20	14999.804656765	21276.49605337638	298.0	15013	21236
point	20	17	0	20	6556.234443700205	19927.424331985858	298.0	6561	19857
point	73	7	1	20	10480.850717174097	20808.1961817509	504.5	10364	20772
point	29	16	1	20	15921.536156500224	14784.017395580602	504.5	15863	14909
point	82	5	3	20	16473.007749933273	18401.62330614789	126.125	16483	18502
point	44	13	3	20	17674.981106602943	21797.975108700906	126.12499999999999	17877	22027
point	15	18	1	20	16858.0	12660.619681106435	504.5	16858	12703
point	14	19	1	20	6614.298918143306	17936.46835971676	504.5	6598	17936
point	13	19	0	20	9625.04920545504	21758.502740378597	298.0	9619	21771
disappearpoint	12	18	0	20	5435.0	14922.0	0.0	5435	14922
point	11	19	1	20	12639.557881320754	20300.616872962266	504.49999999999994	12662	20249
point	78	6	4	20	3739.131955039962	18593.239993293355	63.0625	3814	18354
point	61	9	2	20	18992.959557313847	16920.202668803468	132.0	18994	16939
point	59	10	0	20	9923.605879462133	13832.247511664555	1008.9999999999999	10544	13292
point	7	20	0	20	5010.938016650565	15746.128494852846	298.0	4959	15729
point	6	20	1	20	12627.320338060812	14403.234628957201	504.5	12633	14377
point	49	12	2	20	19723.087189985345	15932.689901665988	132.0	19747	16143
point	4	21	0	20	16135.366892702621	8203.632839746168	298.0	16260	8497
point	3	21	2	20	13858.17634775643	10968.06643910134	252.25	13858	10979
point	60	9	0	20	7802.051695520054	17927.808692923838	672.0	7831	17911
point	1	21	1	20	10003.461475497867	14796.500204631933	298.0	9971	14902
disappearpoint	0	20	0	20	6511.0	20279.0	0.0	6511	20279
newpoint	100	1	4	20	13251.0	19482.0	63.0625	13355	19412
newpoint	101	1	1	20	6409.0	19533.0	298.0	6517	19490
newpoint	102	1	1	20	12960.0	15543.0	298.0	12876	15524
newpoint	103	1	1	20	15599.0	22540.0	198.0	15493	22496
newpoint	104	1	0	20	11558.0	18307.0	88.0	11485	18349
